

Standalone 3D Position Sensor
version: 0.3-alpha
Licensed under the GNU General Public License v2.0


[S3DPS]: booting...
Connecting to MPU-6050...
Initializing Digital Motion Processing Engine...
Checking hardware revision...
Revision @ user[16][6] = A5
Resetting memory bank selection to 0...
Setting custom offsets...
Calibrating Accelerometer and Gyroscope...
>............>............Enabuccess.
Engine...
Attaching Interrupt Service Routine...
DMP Engine is ready.
'WIFI_MQTT_ENABLED': false
S3DPS: boot() -> success.
FIFO overflow! Resetting...
0,0,0,0,0,0,
0,0,0,0,0,0,
0,0,0,0,0,0,
-25072,-19748,1452,25408,-3408,27888,
1796,-28704,-18552,-26672,28208,-21488,
13912,22416,-12980,-22864,9584,-8704,
-13768,4560,-7444,-592,-16528,9088,
18408,-13184,9236,27504,-5264,-25248,
21112,-14536,-18060,-27952,8656,23408,
11924,30176,-8260,4064,-17584,-7520,
-15576,-18860,-31784,-13632,-22080,23488,
-17824,-27732,4888,-31808,-5664,30208,
19972,-25536,23728,17456,-32544,14656,
32292,2144,2480,176,-13088,3904,
-21196,-9904,16000,-21520,-15904,-2240,
-12412,-18688,27008,14640,-3616,28480,
-12008,26248,-13788,-15728,-19712,28496,
652,-11908,28136,-4352,2096,29296,
18788,-10024,19068,20304,-7152,23456,
-29228,6800,1548,22000,-26480,13312,
19368,-6880,12364,3664,-28656,27472,
25308,-22160,27136,14624,-7344,9040,
-27636,-11184,-12896,-23712,4688,29008,
6920,1208,-14088,14720,-21712,27440,
12632,-29576,-4408,-5056,5872,-26256,
-29732,27172,17976,-32112,2208,-3056,
-6296,-21792,64,-17104,20512,32016,
17008,14880,-17680,6064,-31968,9104,
-28508,31308,-4844,28928,-32112,25504,
-27276,-9492,26076,23968,4336,13696,
-6508,-5140,5308,-24480,9776,-4672,
-8548,-28620,21844,-3904,-31152,-9504,
6228,-23616,-25104,-21744,-15024,-352,
6996,20928,-30736,-26864,1360,3744,
-6372,23176,-28488,-13904,-3568,-20512,
31724,-20408,18968,-4624,-4208,-7072,
-10596,-3656,-9832,-8272,6928,-12832,
-2984,-5168,-5244,-13808,-14256,-32400,
-22776,-30716,9600,-720,9184,-6288,
-5088,-8428,6328,12208,-22160,-6704,
32708,-26228,-31468,-7904,7360,-29696,
25156,-4180,-14932,-3136,-2144,-10528,
23064,12392,-29412,-4320,30272,14032,
20868,-2056,-1672,4496,9568,4080,
-26812,14552,472,-19952,4192,6896,
22080,31196,8216,-24304,27760,-4720,
-28568,-23268,-6672,-14352,-9024,24784,
7640,31164,12880,-32464,4832,32336,
-5424,13196,-16112,-28240,-14144,-30512,
21192,-4548,-19424,17520,26208,11216,
-11736,17404,28032,-9232,-4704,-19504,
584,19548,10176,5360,-32480,11216,
-32632,-29380,-22144,-27152,28832,23504,
-20244,32724,-25576,24352,624,-24784,
23052,-1700,27776,30784,27408,-13520,
21012,-1700,-24696,25440,26992,10352,
4404,-16164,28520,25056,-29456,-14992,
-20044,15868,-4984,10592,-26768,24688,
444,-14564,25148,-4368,15232,5120,
24100,27316,-14900,32464,27360,-32608,
-8900,23804,30624,-13024,11824,-12256,
3352,-25088,-14916,-29760,30256,-18256,
15468,6044,16216,11312,-10656,31632,
10880,-19868,22316,17968,-26256,-15168,
26668,-14944,-18092,-18752,-30480,13872,
-26616,-18296,-6996,-14432,10192,-24320,
25628,23892,-15896,17072,-2816,-31136,
8156,28948,16296,26032,15872,-1952,
-11540,3312,30560,-16576,19264,17632,
-22548,-4160,14304,13568,-2240,6880,
-19076,-13144,-29184,22624,8576,19168,
-18516,-28440,-19360,-3680,-21760,-23328,
-11572,-2920,-22832,2432,12992,5472,
6172,28192,-20584,-11232,17856,-9312,
-16068,19320,-27208,14784,-5888,-2848,
-18056,19320,25804,-21920,29088,28656,
25240,-9544,-11932,14496,736,-30384,
8740,6956,-15444,3792,5744,-27936,
-27804,12468,6604,-29072,-30064,-15680,
21196,-2028,8644,-22960,26032,-16032,
-20860,23492,7212,8944,29776,-28608,
22484,-16500,9408,22048,4000,5440,
20340,108,-13984,-25440,1312,-32448,
-22024,2512,-5984,9280,-9504,10432,
1500,10000,-24008,11792,29088,6752,
16332,-11016,-12872,31600,-4256,20000,
-28268,-31952,-24056,-7904,-19808,15872,
-30568,24740,-16184,-8960,14192,15776,
-27016,-9804,-8760,-23680,-7888,-15584,
-23584,-24284,-6668,-4352,-32192,29040,
19760,32352,15524,64,-27456,2912,
-27752,23340,23012,-20896,-22448,-2416,
-21128,-11084,30820,-32352,28976,-18448,
13608,-12396,-23708,9760,-11408,-9424,
9512,-2668,-19612,32288,32624,-18640,
27480,-6140,7948,5088,-2032,14608,
2892,30564,-15312,7632,-15392,11472,
-276,-30332,-29008,-19888,2400,-24880,
-29964,-5592,6032,-13408,-15104,31504,
17260,10836,16984,26000,-2544,-15120,
14960,-12424,19284,5712,-17552,16256,
-32664,-1376,-7584,-11024,-17936,21760,
5072,-30240,11344,4208,-6416,-9088,
-22488,-13704,13384,-31056,6576,-2112,
4380,-22660,18908,30368,28448,25264,
-3364,-31560,10008,3760,832,-1712,
-2052,20344,2536,22896,-3904,-9776,
-4092,5848,19072,4624,21120,32208,
2372,2616,1440,24144,1536,-26672,
-6436,-28168,15960,31024,7616,-19824,
-3244,28580,-7212,31008,20848,-1920,
31240,-25908,-8552,4672,15904,-27168,
14740,10604,2448,4016,17584,6816,
23612,7292,-31976,-688,-18352,-19232,
32512,3940,-884,-7856,-8384,-976,
30368,31620,-9812,30032,-30784,-26192,
22688,8228,-18740,18768,-31680,-25808,
-19544,-644,-16492,20752,4064,-22256,
1736,17692,-24076,1040,26208,-14192,
-18152,27636,-14132,25776,-31728,32736,
5372,13124,2368,-14336,3008,-26912,
-1796,-16060,2368,-12544,5312,26336,
-13188,2636,14832,-10720,12640,17248,
27788,17372,-26144,16736,-10336,-15008,
31180,28444,-29536,-23840,17184,6496,
380,14812,27216,26016,-31776,25184,
-3780,4344,-29284,9392,-14336,20464,
-25876,-4612,-7188,-10784,1904,17696,
32044,-28048,-1664,-10224,-16592,23328,
-21104,-11476,3860,8272,-9888,-28176,
-14080,-476,29372,-21424,32656,-28096,
-21952,-23736,540,31056,12592,17520,
15844,-15992,-17260,-18880,-13296,-864,
-17084,20488,13732,-5376,15760,864,
20472,6104,30520,15008,11184,-22016,
9656,30600,-10520,8384,2192,-21152,
10216,-25112,-11080,14912,-15856,10720,
-22928,16988,-3464,-15872,7936,-11584,
9320,-11908,-15716,28000,-12144,-23600,
-23752,-20892,-2652,-480,-30672,-656,
-17048,30196,16188,25984,-14624,12288,
6388,-4288,-19636,16336,-5152,-29008,
4400,32224,27876,-11248,-12704,-16928,
19344,24752,-25340,-16112,-2720,800,
2844,30252,172,12768,-21264,-30544,
20532,21408,-3100,19952,-2704,3712,
16180,15936,1252,26288,-11920,7232,
-26096,7092,-16436,20464,-11392,16432,
22868,3660,11184,30656,-464,1264,
-24812,-25268,13328,29248,-12368,26352,
-12356,25772,15368,12192,-3440,14384,
25680,-3252,-22668,-12960,-5216,22560,
-22112,-6564,19564,29792,-29632,27200,
-9792,-29956,-18292,11360,-19520,9152,
18928,-25212,-7412,-14624,-29408,-13344,
-28808,-28564,-10764,2048,16624,-30064,
-12816,21644,-1652,-22400,-12144,-3536,
5208,1632,336,-2144,10512,-29712,
-31896,400,18888,13536,-5744,29744,
-16108,-5032,13456,19280,-25936,-14096,
21868,31512,-4512,-29648,9840,18416,
-228,11508,-16900,-3040,-12096,-14496,
-13748,-2892,5436,-16160,-3072,25376,
29428,-22728,31300,-11504,-13536,4112,
-25644,7424,-19284,-6672,17184,-5840,
1392,-21600,31740,-2768,-32096,128,
-31608,-30612,-2784,11408,-8912,-7680,
496,31652,22776,29520,32256,25952,
18352,-22812,-17224,2384,-11648,3168,
-12508,-30256,-4880,23552,19520,-27744,
20028,756,-13892,5712,9776,-30736,
-9876,-19676,16260,29040,17552,22352,
-14672,11064,22408,-27856,19184,-2064,
17576,-17832,19056,17808,31888,15408,
8540,12140,18340,9248,4832,-18016,
21132,-7876,20276,18016,-27104,27488,
18780,-22276,8228,-7136,-4640,26016,
-17828,14332,-18556,14240,-19104,-29152,
-28516,-19192,-27680,-24432,-11136,-20064,
17372,10840,-23328,18128,22272,-31840,
-1380,1912,9888,8784,-10752,6048,
-29180,-1400,17696,-21840,-15680,21152,
29060,-15960,23160,-18544,20352,-21280,
21316,-4864,23160,-29952,15232,8704,
19120,26228,23160,22080,-14288,-26848,
25984,-8256,-31328,-25536,-16592,8608,
23840,22816,-20256,64,-23760,32160,
-18216,13832,-3720,-19968,-31632,-14240,
22680,32312,2440,6528,-12816,-21792,
28232,1656,22656,-8384,-24016,26336,
-22304,20100,2860,-22336,6528,19792,
-6720,-30556,-27604,12480,-24320,23504,
5464,2804,29060,256,-32,14384,
-7448,-9788,20020,15488,-29536,-17936,
1608,8548,18548,16256,9760,-13968,
-28080,-17000,13196,-4416,20864,23072,
24392,-20472,-24780,-15872,17088,4672,
2296,16104,-11640,-27424,-13472,7520,
-25324,21628,-18504,-15440,29904,832,
26464,21628,-15996,-24272,-28992,16720,
-20880,7068,11324,-5712,8416,13936,
-8356,-7444,-1200,21888,2416,-14288,
15256,-21988,15228,-16288,7968,-23200,
-12424,-21988,20764,16224,-5472,20704,
2016,-21988,32348,-1568,-27792,-19280,
27960,3084,31476,-21600,-22576,-10160,
5720,8644,13732,-27680,-30160,-10320,
-22020,-5804,-15164,-3216,-22688,5408,
10588,-14844,1300,-17232,32,8416,
25420,3708,-32084,-31216,24320,-25280,
21260,13460,-17456,-4640,14512,-8704,
18908,-26508,24864,-27744,6128,-20480,
-17836,-580,-23732,-12848,-11392,15184,
-6572,-31300,5452,-17968,-10368,-20656,
-19712,5276,-26940,-6704,17776,-25888,
12536,-29168,-8100,-12048,-20688,11504,
19160,-12488,10828,-23248,11376,19472,
26424,3904,21756,18800,624,-21712,
13360,29424,-27244,4336,6128,8784,
-4036,-23720,23516,-4896,-3248,-19264,
6828,-8948,-12476,-5264,25184,32624,
-788,27628,-15908,25760,30608,-13728,
5916,-21264,15184,29616,-32304,-22752,
-32500,-10288,656,19952,22736,544,
20048,712,31668,9136,-15568,7440,
-27856,-8104,-11532,-2384,-26448,-23472,
-29896,2920,5004,-14480,4336,23088,
-12040,-31544,-18388,30320,-26128,-14416,
8932,-25348,-7188,20224,6368,20064,
-5840,29832,-12620,-6336,-2496,-19376,
-13072,-10224,-32648,3968,31232,24688,
15432,-17668,19272,-25376,-14128,25040,
21556,12344,23560,-18832,-12752,-30352,
22436,3528,5928,10416,-25936,11248,
-5124,-25464,-23064,-12272,32752,-14288,
1500,2336,-4136,25776,6896,5232,
-644,30016,9080,-9168,17136,4976,
15176,-18948,5648,8784,-23968,3504,
13188,-2448,27648,13568,7584,-25168,
10940,8672,-30080,32416,-30048,-26192,
-7636,14184,14016,15744,-7456,-22608,
21260,5284,7312,-1328,7376,-22672,
-23028,-29180,26064,25680,5456,-16016,
14768,-26984,-20632,21392,-8720,-24368,
6768,-26984,4156,-20272,15632,-21600,
-14800,-21592,16460,16336,4496,-5280,
-31516,-13720,-1228,6560,-28240,25456,
21748,-8976,-22420,-20096,-19408,-15216,
7084,-29856,7572,-6112,-1744,-31760,
-468,26696,-1412,1792,13424,28496,
-8148,1160,-8196,29824,13680,14032,
24244,-7796,4944,-25136,-27360,19984,
26868,4524,-16160,-12784,-10528,-3056,
22516,-21156,3488,-25904,25888,31248,
-5104,20944,-25472,-21232,18016,31760,
-9796,-18664,5148,30880,19200,8736,
-14020,-13776,9372,-19776,-13952,8512,
-16164,-8240,11516,-10688,9088,-30528,
16300,22792,19068,12576,31936,-3040,
23164,-17216,1156,-19824,-30784,-12624,
15420,-26116,-22192,-28384,10064,-19600,
-32260,-23972,-20048,-26464,31440,-30352,
-17148,26452,30376,-17904,-7936,-18992,
-31324,20980,9048,-1072,3520,-22448,
20996,3124,-8808,29776,27712,-21680,
7932,25172,-21264,5040,24928,-12080,
-30736,-9312,-13648,20848,992,-3696,
1656,1736,2924,-13744,-6144,29888,
19624,-18272,-26068,-2928,-32512,-3168,
22976,7272,-20520,17808,19552,-192,
-21412,-12524,4072,32704,17136,-160,
-8956,18508,-24920,16480,-18736,-1632,
-3604,8208,-20376,-24944,9488,-14784,
-25748,-6256,1768,-3056,-2288,21312,
1580,6016,26312,20272,-29936,-12288,
14104,-13996,-2712,5968,-17024,-21024,
10008,11092,-22936,32592,-22144,-14880,
-12232,16652,13736,5264,27296,-608,
-20104,27796,-15096,-32272,-464,-11712,
-22300,18896,21544,29408,28912,13984,
-20868,-15608,32568,32320,23088,10080,
31300,-18920,9264,-21344,-17296,11232,
-31372,13132,-11972,-31152,1984,26992,
24824,18056,7216,31472,32032,1456,
16952,-1932,-4900,-18608,15920,-28960,
-19496,3544,13412,3888,-8688,-21712,
-1752,14664,12348,-25872,11472,30928,
16328,-30856,-27684,-32656,9040,14864,
-840,-24696,-27684,-11792,-6704,-25904,
10344,5276,-2588,18512,-18592,8000,
16968,21956,22964,28432,31168,24608,
-26404,-31188,-28988,13696,22896,16432,
-10344,-21436,-24112,-16608,-23456,-5904,
4784,-28772,-13336,-23392,17728,-8144,
20840,21920,24636,-10944,18368,-8800,
7752,7104,20604,-960,20416,-27104,
-29080,7104,-22988,-26016,-13632,4400,
12000,10024,4872,15328,-11296,-16432,
10048,-32536,-8184,-23584,-24352,12496,
21072,8480,19200,1376,-24608,-26416,
-24916,-13260,12244,-19728,-28464,26944,
-14396,23628,6796,-22256,-25808,-6752,
27732,-27604,-21252,25776,-31856,22656,
31376,-28888,29192,10736,-14416,-3552,
13752,416,5624,7984,32432,-29344,
19352,29440,-7656,-14288,-24912,-22944,
-5148,9892,4056,-30656,25024,-10048,
-27924,-22368,-28860,-10576,-4544,1552,
-1556,-24084,-8340,14400,12240,31136,
23404,9324,-5780,-10688,19920,6048,
20060,19520,16356,1008,6864,-24848,
19992,32368,32484,-23472,-23408,-2432,
2376,8560,-28044,10448,-9328,30144,
13272,19200,6500,-10992,-7280,20256,
-26176,8216,29156,23312,14160,-27968,
-23736,-20912,-7436,20944,-24880,15776,
3932,296,-22988,1984,-10640,7152,
-30224,24332,-3632,31744,-15040,10416,
5676,-22052,6732,-4592,-15472,-29632,
28060,-28276,21076,-26272,15904,48,
1388,-9188,-22140,-26976,8288,9200,
-28116,13548,-27388,2912,-7904,10800,
-11208,11172,28252,3584,-6960,24192,
5152,26048,-1116,9856,27600,11792,
-6856,1992,-30708,3264,7568,-27216,
17944,-9432,-1044,8128,-19824,-1232,
-27784,8088,-12692,-17344,15632,-14736,
17720,19544,1420,29504,-26608,8176,
-19176,27256,-18452,14400,20752,-2448,
-1304,11544,-7428,-21056,23440,3248,
1564,-18088,9996,10480,20592,-352,
5396,5204,18444,-32032,-3744,2608,
-27892,-19988,-3636,16432,20272,-23424,
4804,18028,-7352,-14752,-19648,-14880,
-17884,-29396,-23360,4416,-8736,-8224,
-24200,-2084,9560,10016,-15024,17728,
-22040,2236,832,-24480,-32208,-20672,
28848,32412,-27440,32160,4032,-17408,
-27016,-28948,19856,23008,-32672,12160,
-25752,23820,20896,11616,-25952,15744,
21560,30396,-28012,-18688,19184,-30992,
29244,13772,12144,-24240,-19968,-12752,
23124,-2724,14444,18400,-6864,7840,
32676,31772,-15996,30336,-17264,28736,
11072,21148,-6616,2944,-7552,-544,
-25776,24420,-23400,6656,11936,-26464,
-14444,-23756,3504,32624,5008,-27936,
-8028,4292,16840,-21152,25856,31936,
-6556,-28060,-16344,-29792,832,-20672,
11652,-27004,9576,29728,3008,3136,
30836,4020,21048,13920,-3584,-20032,
25428,-28248,12916,-28432,-31968,-1328,
9556,-9560,-19084,-11408,2080,336,
-29612,-11800,2372,17296,2656,-9488,
-28260,16236,3820,30976,-13552,-18016,
17996,1092,22364,-11424,-23248,31872,
-24280,-316,22364,-16512,7424,17200,
-10536,-31252,4136,23200,-26480,7184,
7688,-13556,-23656,-19680,-688,15760,
20576,-30504,144,-18528,14192,9296,
22600,-5176,-27432,-2208,-17616,-31856,
8504,-5464,22520,6880,-27216,-27888,
16812,12600,-10556,11728,27920,9952,
-15188,18488,-9020,16848,-19184,-23840,
26196,-20472,15704,2816,26096,10368,
4644,-5008,-31544,-31776,23152,22080,
2272,-10976,-24732,-27296,-24336,-8688,
-27040,-25948,-24724,-22560,9952,-24096,
-14136,8764,-16204,8096,-12800,18240,
29888,3448,44,-13152,10272,-20848,
-18824,-11368,-10948,5600,13408,17200,
-8420,-27140,-22480,-2384,-15440,-13456,
-528,-28604,424,1520,7392,15184,
-26128,6212,22440,9712,-11040,27472,
16120,-29060,-14248,23344,-26752,6544,
-5412,10300,27728,-30336,-31152,15696,
1340,22932,11272,-2400,14000,20240,
-25168,-13248,5772,-20256,-11856,-10464,
8296,-24380,26248,-3392,11104,-6528,
-8240,-10492,-19280,19264,-1024,-15872,
1744,10404,11792,-31424,2176,25600,
-14720,20084,28256,-17088,5696,22016,
4384,-10988,2720,-24256,-12096,27136,
-1144,7236,2720,5888,-18528,32000,
16208,-30920,2720,31168,-21824,4736,
-21616,-16328,17312,15808,-14144,-17792,
26596,-25284,19404,20944,11568,-29904,
-8640,6520,-21944,4816,21008,27984,
30768,26528,-10920,31312,17168,-27888,
-1036,28620,-23308,16544,9152,7520,
17920,-12528,24428,-5984,-22144,30000,
-9272,4260,24428,9728,26928,-10688,
-28908,7612,20676,16208,-26848,592,
-29948,12004,-31568,-21568,12304,9616,
-26532,-22560,19424,-22928,-30320,-12528,
-7428,-3808,-3968,-12816,28048,-8432,
-5668,9712,4848,29616,-4976,11792,
14324,-13944,19408,2320,29264,9104,
6332,-25584,19408,-29904,29136,9488,
-32196,10512,17616,-19152,-13872,7440,
60,-10480,32208,14640,-17968,19728,
-15912,-13024,32208,-17072,16208,14032,
-5856,-10828,-2236,-816,30464,-1472,
-24744,-26820,27756,10768,16672,-5408,
-8384,16892,-1364,-32752,30784,10368,
1312,30412,13036,-28144,3328,16192,
30528,-23732,13036,-6128,-24160,24288,
26388,31100,13036,-12832,-25584,-24304,
31884,7592,-8640,8720,28336,31248,
27492,888,16904,22784,24528,8944,
18480,-11908,2328,-7104,16608,-27504,
-26592,-27220,12344,15936,17568,-11760,
-16064,-16468,-16520,-2496,-7904,-18672,
30084,13220,-27224,-10288,-10448,12464,
-19632,-4692,20400,28432,-21664,1392,
21816,-2652,-12064,-12336,1280,-6032,
-8008,5028,6688,-2352,29056,-5008,
21544,-3552,-21672,22896,25088,-6192,
17752,-24880,-32056,11248,-23296,29520,
-11624,-6480,29928,-1936,-31232,3792,
-1636,4592,22484,-320,2368,-6720,
-308,29032,-3284,-928,-27136,-8096,
20844,16780,22260,-13264,26960,-17648,
-19644,-1244,-6764,21472,-29824,18560,
4996,-24636,4308,-928,15360,-1280,
29592,-332,-29256,30848,-11280,7328,
30288,-17852,-3672,-29952,24080,-9760,
31904,-4940,-23688,-22272,-26672,4192,
17464,-10292,1456,31456,-3712,-16096,
-12360,11852,-13008,-32288,-7424,1824,
-14584,-21572,-688,7264,6592,16416,
-22776,8380,-6320,-27552,7616,-4064,
1456,-9308,15968,-23008,16016,4000,
25556,7632,-25072,19024,-31408,-21152,
16980,11920,-5472,6752,-14704,3552,
-24580,30328,-14392,-6912,-26672,-7520,
-13076,19944,-24776,-5568,20816,14112,
-16844,-3668,11672,25808,-12224,-13824,
24504,-18148,-6240,-5456,24624,7296,
-184,13004,1696,-12496,-19216,18048,
-29784,-10476,9248,-11920,26640,-21632,
-19472,20204,-31744,-9232,-31440,2944,
-17948,7680,-20744,18208,-21200,-20960,
8292,-8176,9288,7392,-25552,-24160,
-4848,13920,25860,21280,-32336,3632,
16400,-15008,-28604,13600,28080,-12624,
12112,32672,-6460,32544,8624,24368,
-26640,9280,-9852,-25312,10672,-14416,
-5200,5808,17708,4256,21808,-368,
31184,-23312,-2316,5664,-30288,23536,
800,-928,-19892,-1120,-25040,-8320,
-2460,29692,30532,-25712,6336,12272,
23780,24220,-60,10576,21248,-20560,
-23844,-19220,16512,6208,-21456,-15952,
-16900,22836,-26976,-28768,29776,2736,
29796,10584,-30328,-15728,-13840,-31344,
31228,3640,-28288,-26128,4784,16784,
-12964,20212,-26196,-32032,-31488,17856,
29420,-980,19540,0,28704,-14688,
15332,23520,-11084,-29360,16800,23088,
16856,-20016,-20096,-20880,12640,-9168,
-22232,27888,-23328,28912,8288,27184,
4972,18820,7644,19168,18224,-32032,
20172,-27840,7644,-17520,15408,-7728,
6172,16816,7644,-24912,32432,-10512,
-11964,-21460,-21508,25248,16640,-4608,
-25332,-24772,-4828,-15424,30368,8544,
21540,17328,31748,-28464,-25760,-13840,
-21076,-10128,2740,-9552,14560,18192,
-19956,24816,-18028,28144,14816,22992,
21392,15860,-15936,3632,18480,6352,
22732,12428,8252,-19744,-15392,-5824,
24072,-16532,1388,23552,-26864,-27536,
5496,4,12412,18112,-12368,-4144,
-13256,22148,-16516,-8768,-10192,-22704,
-10632,26996,-17828,-1216,-20368,-28656,
-4416,-18988,1724,-15040,28112,24112,
-11776,-28056,3608,27968,-9488,-29936,
-30792,-11340,2636,6048,15616,-32512,
-24088,30848,-24064,32000,27392,14592,
2948,-32700,28948,-20560,11952,-16272,
-15892,-24956,22244,-12928,-17120,-18080,
6860,-508,964,13824,12960,5856,
-6204,12556,28524,9376,-31616,26560,
-264,-23436,-17316,-16064,30576,5264,
21176,29644,24740,-16896,-18608,9776,
-3412,-2460,12624,7024,28448,24688,
-16400,-14984,14612,14512,-4160,18400,
1848,21400,27296,-1584,-10400,1376,
-26072,12584,-30304,-13232,6624,24416,
22144,31136,12984,-24496,28384,-1248,
-30868,22124,5960,-12576,12656,-5248,
-14808,-3688,-25444,3648,21264,-25328,
-22552,-12588,-3252,7072,-30144,24928,
32168,-6464,27368,-13312,14144,-27456,
-12656,-32100,-28828,6336,10000,15600,
2680,-7796,-32012,-25760,27168,-8224,
-10916,-10988,-29608,-23632,32528,17408,
-24916,13452,-14944,-15792,3760,30464,
-32724,-15412,-7136,11888,-28208,-26112,
-14644,30108,-25216,-25424,10000,8704,
12224,21152,-14168,-11344,-31344,-30304,
-32064,-7776,-8632,-21584,31120,17056,
-10624,19784,11376,12208,31952,21536,
5196,27400,-8628,12896,-1552,-16688,
21016,-10516,-23108,3520,6944,21824,
2264,-19444,13500,-1856,17568,13504,
-2336,22832,-24176,-32192,-9120,-19456,
4688,-692,-22188,2048,-29328,26224,
20508,15880,25436,-11280,-18800,26464,
21388,-7336,-20996,-19280,-17392,3872,
-11612,29176,12004,-7968,-7504,-27056,
15340,20192,-29444,9664,30128,26032,
-12100,-14352,-22020,-28416,4784,3312,
-1896,-14352,2572,-9504,-8848,-2848,
19108,-14352,-22976,19696,3888,-31264,
6196,11152,-6512,-20816,6704,-24352,
24052,16688,-18832,-15056,-8144,-28960,
-9308,-17736,20088,21648,29040,31264,
8716,-21248,4052,-10592,11632,-13680,
12188,-4712,-2892,-12544,-25296,-8528,
30044,26360,-9676,-32128,3120,-720,
-3244,31908,-16380,-18512,-23008,13728,
-30744,22896,-28904,-15472,9568,7616,
-21892,-30344,-24108,64,22720,-1200,
-3924,20696,6924,800,-13696,-8912,
-3260,25584,31364,25856,-17664,-15088,
-8264,24392,30172,10720,-19936,16256,
-12488,-26480,4404,-2016,23968,-15904,
-10872,960,26356,29088,-28256,26528,
-9624,-2432,-28108,28320,24992,-31200,
22768,-5864,-11536,4192,30976,20448,
-30380,30712,19516,-2000,-6176,20560,
27732,21672,14028,-8208,-2208,-16752,
30356,-5592,-18084,29232,11232,22352,
21092,-11064,7596,10224,-26784,-28528,
-17408,25448,-12416,30704,23872,14992,
-8624,-7976,13536,240,-26432,8336,
7232,-28744,23360,-784,25920,11408,
-5756,-6744,-5664,22432,3616,-24816,
-18896,9828,-25668,-27040,-5072,-12928,
29396,-17404,18808,29008,-3744,-19168,
19904,-27704,-16636,12368,32640,3248,
-3984,28792,14356,25936,9728,-22416,
3200,28792,-188,-4272,-29088,14912,
-16256,8824,16708,-4272,7776,-3520,
31232,19704,-12476,28496,-5024,31552,
-27520,-23688,-15868,-176,-5280,-3136,
5088,18280,-30396,-1712,-288,26752,
2892,-5068,20692,23968,-21360,-10320,
17724,13484,-20108,-7552,14576,-23472,
18492,-22100,14708,26240,19696,28752,
16192,-19800,2592,-10368,29200,-1328,
-16808,-32324,4580,24224,1632,-31232,
-4216,20620,-4460,-18400,-14176,22976,
27888,-17056,1112,23264,-11232,-32608,
5000,7344,-32412,-7168,-1824,8112,
-19500,1832,-27512,-7664,-1280,8528,
21492,14104,30496,8688,9024,-19376,
-20960,5372,30496,-26000,16176,20688,
25312,-30292,-30224,-6032,-4624,-48,
17888,26204,768,17008,10032,-28720,
26468,-19552,-27592,-13056,-592,-14672,
27184,-30020,-28308,-3008,-10560,-11008,
-17292,-31292,28512,-13648,-32528,-14976,
-31884,18884,-18336,-26960,-784,25984,
148,-9916,768,-18448,18736,-27264,
-10476,-11468,-22152,7184,-17840,-31168,
-10072,3376,7536,16816,6416,-8704,
-32120,-14592,6104,5872,12560,26560,
16808,16480,-15144,31728,32016,-11584,
-5240,1984,17928,-18128,13072,13312,
3612,14280,-29164,-14752,-22352,-10608,
-25932,19204,-9468,15440,2144,-2496,
1104,30204,-12980,23056,6064,26448,
-11960,1212,14580,-688,7440,-23184,
14824,-2180,-28812,-5552,-11120,-5136,
21768,-5652,18756,-23664,18800,5776,
2840,-3404,-13420,-560,-7600,17520,
-15560,13060,-508,-22448,-21744,7472,
26736,-15588,30232,-25328,7232,5392,
-2736,-21060,-15656,-2032,17536,-28784,
-30296,988,28440,-21936,-6432,15184,
-26944,8732,16188,-22704,10736,28128,
11092,-20292,-1836,-20032,-11712,-13744,
-27660,1852,20308,-30656,448,19664,
13488,4048,-11940,-5248,7296,15072,
-30512,20548,-15452,-12480,-24528,-11504,
-27488,-12976,10460,-576,-7312,-2816,
-21916,-18248,25376,-7248,-20080,-7040,
-26556,-31944,16320,28976,-16752,-29568,
-920,13388,15812,-12016,7328,13616,
16656,13388,-21744,-16944,-18384,