

Standalone 3D Position Sensor
version: 0.3-alpha
Licensed under the GNU General Public License v2.0


[S3DPS]: booting...
Connecting to MPU-6050...
Initializing Digital Motion Processing Engine...
Checking hardware revision...
Revision @ user[16][6] = A5
Resetting memory bank selection to 0...
Setting custom offsets...
Calibrating Accelerometer and Gyroscope...
>............>............Enabling DMP Engine...
Attaching Interrupt Service Routine...
DMP Engine is ready.
'WIFI_MQTT_ENABLED': false
S3DPS: boot() -> success.
FIFO overflow! Resetting...
19,-18,-18,
16,-16,-13,
17,-15,-8,
18,-20,-14,
21,-19,-14,
19,-19,-11,
19,-10,-15,
15,-11,-9,
19,-14,-6,
13,-17,-13,
15,-10,-15,
26,-8,-14,
21,-11,-3,
23,-11,-8,
22,-8,-16,
16,-7,-7,
19,-8,-6,
20,-8,-21,
17,-9,-14,
13,-12,-6,
16,-11,-1,
24,-7,-9,
21,-7,-8,
12,-10,-6,
9,-13,-9,
13,-11,0,
13,-10,-12,
13,-11,-3,
17,-8,-7,
13,-11,-20,
13,-7,-16,
18,-15,-16,
19,-14,-14,
17,-11,-11,
21,-8,-11,
16,-5,-2,
20,-6,-1,
19,-13,8,
19,-4,2,
18,-9,-9,
20,-11,-2,
19,-8,-7,
18,-15,-14,
20,-20,-7,
14,-16,0,
16,-19,1,
14,-15,-2,
20,-13,-13,
22,-8,-25,
17,-8,-24,
16,-9,-16,
17,-8,-21,
24,-13,-17,
21,-16,-12,
25,-12,0,
20,-10,-3,
18,-10,-9,
18,-7,-15,
20,-7,-19,
16,-9,-9,
17,-12,-12,
18,-12,-9,
20,-8,-11,
20,-6,-7,
28,-6,0,
24,-7,-2,
22,-11,-11,
22,-12,-11,
21,-11,-7,
19,-7,-14,
22,-6,-17,
16,-13,-14,
24,-5,-18,
21,-10,-20,
20,-10,-14,
21,-6,-7,
14,-9,-12,
19,-7,-15,
21,-3,-14,
17,-6,-8,
12,-3,-7,
17,-7,-15,
20,-7,-11,
26,-12,-14,
24,-3,-7,
24,-3,-13,
23,-4,-10,
11,-4,-9,
14,-6,-13,
10,-11,-13,
11,-9,-13,
11,-8,-3,
20,-17,-14,
17,-12,-15,
22,-11,-9,
18,-6,-8,
20,-10,-5,
19,-8,-7,
15,-6,-8,
19,-1,-14,
15,0,-15,
18,-4,-17,
19,0,-14,
26,-7,-11,
20,-2,-13,
24,-2,-4,
21,-8,-5,
17,-16,-14,
14,-17,-8,
17,-15,-7,
15,-11,-16,
19,-11,-4,
14,-12,-5,
17,-11,-5,
15,-7,-5,
21,-10,0,
17,-11,-3,
18,-6,-1,
22,-7,-9,
24,-8,-5,
24,-15,-3,
26,-17,-12,
27,-15,-13,
18,-11,-13,
16,-8,-13,
13,-10,-7,
20,-6,-5,
20,-9,-14,
18,-10,-19,
18,-7,-7,
20,-8,-4,
15,-2,-2,
18,-9,1,
23,-13,10,
19,-13,0,
18,-4,-13,
16,-5,-22,
18,0,-15,
18,-6,-11,
20,-2,-11,
19,-2,-10,
21,-4,-17,
23,-3,-6,
23,-4,4,
16,-7,0,
23,-13,-15,
22,-8,-11,
21,1,-14,
21,-5,-9,
21,-8,-2,
22,-11,-2,
16,-13,-6,
18,-8,-9,
22,-11,-2,
18,-13,-8,
17,-12,-5,
17,-4,0,
17,-9,3,
20,-11,2,
17,-10,0,
12,-8,-6,
16,-4,1,
17,-8,7,
17,-10,-4,
18,-10,1,
20,-8,0,
20,-16,-7,
21,-12,-7,
17,-8,-13,
19,-9,-11,
16,-7,-13,
13,-4,-18,
15,-5,-25,
18,-4,-30,
16,-3,-29,
14,-4,-16,
15,-8,-15,
13,-13,-11,
18,-12,-14,
17,-5,-14,
16,-2,-17,
17,-13,-5,
18,-6,-11,
23,-6,-8,
22,-13,-2,
17,-13,-2,
16,-13,0,
24,-14,0,
21,-6,-4,
14,-9,-14,
12,-2,-13,
13,-2,-7,
19,-4,-3,
22,-7,-11,
16,-8,-14,
14,-11,-22,
19,-11,-13,
23,-6,-13,
23,-5,-15,
20,-2,-5,
13,-7,-1,
15,-12,-11,
12,-8,-18,
17,-7,-24,
19,-5,-16,
19,-8,-18,
21,-1,-13,
19,-5,-11,
17,-7,-12,
16,-4,-13,
14,-16,-10,
14,-13,-14,
17,-10,-8,
22,-5,-6,
20,-7,0,
18,-7,-15,
26,-8,-16,
23,-10,-9,
21,-9,-5,
22,-10,-3,
20,-16,-4,
20,-8,-8,
21,-6,-12,
15,-9,-22,
18,-9,-17,
20,-14,-21,
16,-15,-23,
20,-14,-11,
15,-6,-4,
18,-8,-6,
22,-11,0,
19,-10,-4,
23,-11,-8,
20,-13,-10,
19,-3,-14,
20,-6,-16,
23,-6,-7,
26,-4,-14,
28,-3,-17,
18,-4,-18,
17,-4,-21,
15,-12,-16,
20,-16,-1,
14,-12,-6,
20,-9,-12,
23,-7,-11,
17,-13,-9,
17,-12,-14,
19,-11,-12,
17,-13,-9,
17,-14,-1,
16,-12,-2,
20,-10,-11,
19,-6,-4,
20,-4,-2,
19,-1,-2,
24,-1,0,
18,-6,-6,
21,-1,-2,
22,-4,-3,
16,-8,-8,
22,-8,-11,
21,-5,-13,
18,0,-8,
12,0,-7,
15,0,-18,
17,-4,-18,
19,-9,-16,
20,-4,-14,
15,-7,-9,
20,-11,-2,
18,-7,-13,
17,-6,-3,
18,-1,-6,
23,-6,-8,
16,-14,-8,
9,-6,-17,
7,-4,-16,
14,-6,-6,
21,-2,-4,
22,-11,-6,
19,-10,-15,
19,-7,-19,
17,-7,-22,
23,-12,-26,
17,-12,-11,
17,-16,-13,
14,-19,-18,
21,-4,-18,
17,-3,-21,
20,-1,-21,
28,-3,-20,
26,-8,-20,
28,-14,-5,
27,-13,-6,
26,-16,-16,
23,-13,-3,
22,-12,-3,
21,-8,-7,
16,-10,-10,
15,-5,-11,
7,-9,-9,
15,-3,-7,
14,-6,-9,
19,-10,-17,
20,-10,-11,
16,-11,-17,
20,-10,-20,
18,-6,-21,
15,-5,-10,
22,0,-6,
26,-5,-5,
27,-11,-9,
27,-13,-11,
24,-10,-7,
20,-13,-7,
22,-17,-7,
23,-16,-10,
26,-14,-7,
21,-13,-6,
21,-10,0,
25,-5,-3,
22,-2,-9,
19,-1,-13,
18,0,-6,
17,-3,-5,
21,-5,0,
14,-2,-2,
15,-1,0,
12,-4,-2,
17,-5,0,
17,-5,0,
18,-8,1,
21,-6,0,
19,-9,-1,
18,-7,-6,
18,-8,-11,
11,-8,-14,
13,-9,-24,
17,-8,-25,
16,-3,-24,
22,0,-18,
15,-3,-14,
16,-6,-17,
16,-6,-13,
16,-2,-11,
17,-1,-19,
16,-8,-16,
22,0,-7,
22,-5,-7,
17,-4,-12,
19,-7,-11,
21,0,0,
17,-4,-17,
21,-11,-17,
27,-8,-20,
23,-5,-13,
18,-3,-6,
19,-4,-1,
16,-3,-2,
20,-6,-10,
17,-8,-12,
15,-9,-10,
16,-7,-8,
16,-1,-11,
16,-1,-5,
19,-3,-9,
14,-2,-13,
13,-7,-6,
16,-9,-16,
22,-14,-16,
18,-13,-10,
20,-10,-10,
19,-1,-9,
13,-4,-15,
14,-6,-16,
20,-3,-17,
26,0,0,
23,-8,-11,
21,-4,-2,
18,-4,-5,
23,-9,-3,
16,-12,-11,
13,-8,-5,
20,-6,6,
20,-14,3,
16,-13,-3,
12,-6,0,
15,-1,-5,
13,0,-7,
20,-6,-12,
22,-8,-12,
18,-9,-16,
18,-2,-10,
15,-2,0,
12,-7,0,
13,-6,-8,
18,-7,-14,
25,-15,-8,
21,-13,-9,
23,-12,-7,
25,-13,-4,
24,-8,-14,
27,-6,-9,
30,-9,-1,
26,-7,-14,
33,-5,-11,
23,-9,-11,
13,-12,-12,
11,-9,-8,
14,-3,-12,
21,-6,-12,
19,-6,-10,
18,-5,-3,
13,-2,-9,
12,-2,-12,
13,-4,-1,
20,-9,-5,
19,-13,-5,
18,-11,-1,
14,-5,-3,
13,-8,0,
9,-6,-3,
5,-6,-12,
14,-7,-24,
11,-10,-16,
15,-14,-22,
18,-7,-12,
13,-2,-16,
10,-4,-13,
13,-10,-6,
10,-9,0,
15,-4,6,
21,-4,1,
23,-7,-1,
24,-4,-5,
17,-5,-7,
14,-9,-13,
18,-6,-8,
14,-8,-5,
14,-9,-9,
13,-6,-1,
13,-9,-7,
16,-7,0,
15,-6,-5,
19,-5,-16,
16,-6,-21,
17,-6,-14,
17,-4,-12,
19,-7,-11,
17,-9,-13,
16,-5,-8,
13,-9,-10,
14,-8,-16,
13,-8,-15,
23,-8,-9,
26,-13,-13,
23,-3,-11,
20,-4,-10,
21,-13,-5,
24,-14,5,
15,-12,5,
13,-7,0,
15,-13,-5,
13,-17,-6,
13,-12,-9,
18,-6,-1,
14,0,-7,
21,-8,-9,
19,-14,-16,
18,-8,-19,
16,-1,-25,
19,-1,-15,
18,-5,-18,
18,-2,-9,
15,-11,-5,
17,-2,-3,
11,-6,-3,
12,-6,-3,
20,-8,-2,
20,-9,-12,
19,-6,-21,
21,-3,-12,
18,-6,-6,
13,-2,-20,
13,-2,-13,
24,-4,-6,
17,-3,-4,
13,-5,-4,
13,-9,-5,
21,-10,-5,
23,-2,-11,
21,-6,-9,
21,-8,-4,
20,-2,-2,
16,-9,-10,
17,-4,-9,
16,-6,-9,
15,-7,-8,
15,-10,-14,
17,-6,-17,
18,-5,-7,
19,-9,-2,
18,-12,-13,
17,-11,-6,
19,-10,-10,
16,-11,-16,
21,-10,-12,
16,-10,-8,
15,-14,-13,
18,-17,-8,
14,-15,-14,
16,-13,-11,
11,-8,-17,
10,-10,-6,
18,-5,-7,
20,-7,-7,
22,-8,-10,
18,-9,-14,
16,-1,-12,
17,-1,-9,
12,-6,-14,
13,-11,-18,
12,-8,-14,
16,-7,-8,
17,-6,-2,
16,-4,-1,
18,-9,-12,
17,-8,-8,
18,-6,1,
15,-17,-7,
15,-16,-20,
18,-12,-8,
22,-10,-14,
19,-5,-8,
14,-3,-14,
15,-8,-16,
13,-7,-12,
15,-3,-6,
16,-7,-1,
17,-3,-6,
22,-8,-7,
19,-5,-15,
17,-4,-14,
11,-7,-18,
14,-9,-14,
20,-11,-2,
23,-12,1,
22,-5,-10,
24,-11,-8,
23,-8,-9,
19,-4,-11,
23,-10,-7,
24,-9,-4,
20,-8,-4,
21,-4,-1,
24,-6,-9,
25,-3,-14,
22,-3,-12,
19,-3,-16,
19,-7,-17,
15,-8,-16,
16,0,-10,
7,-1,-15,
15,-3,-1,
13,1,-4,
9,0,-1,
12,-2,-10,
12,-2,-6,
21,0,-20,
20,-3,-18,
16,2,-18,
14,-3,-18,
11,2,-18,
14,0,-17,
11,0,-8,
14,-3,2,
23,-5,-4,
17,0,-8,
9,2,-16,
14,-4,-25,
12,0,-25,
12,1,-26,
14,-2,-25,
14,-6,-14,
18,0,-11,
20,3,-7,
16,5,-8,
10,0,-20,
14,0,-13,
19,-14,-10,
15,-6,-23,
15,-5,-26,
11,-5,-16,
12,-2,-10,
8,3,-16,
6,3,-6,
10,4,-6,
15,2,-8,
13,0,-1,
12,1,-5,
11,0,-4,
8,11,-2,
5,10,-2,
7,7,5,
7,6,3,
3,1,-9,
5,0,-17,
9,8,-18,
2,0,-8,
2,-2,3,
4,0,2,
7,3,-3,
7,9,-1,
6,5,-5,
7,1,-6,
6,3,-4,
6,4,-12,
6,2,-9,
6,6,-12,
5,5,-9,
7,13,0,
8,13,2,
14,10,0,
9,13,-5,
7,8,-6,
4,14,1,
3,10,-2,
0,3,-6,
0,7,-9,
4,2,-12,
3,2,-9,
0,3,-8,
-1,2,-5,
1,7,-6,
2,7,-10,
0,2,-6,
-5,3,-4,
-7,1,-8,
0,2,-4,
5,4,-12,
0,3,-8,
0,2,0,
1,3,-8,
2,4,-13,
0,2,-12,
1,-1,-9,
10,4,-8,
14,0,-1,
1,0,-5,
5,5,-8,
5,6,-4,
5,7,5,
5,9,-2,
0,7,-5,
2,8,-13,
2,6,-14,
1,6,-13,
-1,12,-21,
0,9,-16,
0,8,-11,
2,11,-10,
2,6,0,
2,6,-13,
9,6,-18,
9,5,-8,
13,6,-11,
12,7,-3,
5,11,-5,
4,10,-13,
6,4,-12,
9,8,-5,
5,9,0,
1,13,0,
5,11,-10,
1,15,-17,
0,14,-15,
3,11,-7,
1,4,-1,
0,5,-6,
0,10,-12,
0,11,-6,
-6,16,-13,
1,7,-19,
0,6,-16,
3,6,-22,
3,9,-20,
2,10,-11,
-2,5,-22,
1,4,-32,
3,10,-21,
1,5,-15,
0,7,-14,
-2,5,-12,
0,8,-8,
1,2,-6,
-2,4,-7,
0,4,-3,
5,6,8,
1,10,10,
2,20,4,
5,16,3,
3,7,0,
0,9,7,
2,11,6,
4,11,4,
0,7,-5,
3,12,-1,
1,10,10,
4,13,-1,
3,11,-3,
2,12,-11,
2,9,-16,
1,7,-11,
1,10,-17,
3,13,-13,
1,17,-10,
1,17,-10,
1,17,-10,
0,15,-10,
-5,6,-1,
-2,6,-2,
-3,7,1,
0,13,6,
0,17,4,
1,22,-3,
4,19,-8,
3,21,6,
0,17,0,
3,13,-17,
3,15,-15,
-1,20,-11,
3,18,-15,
-2,9,-8,
-2,13,-4,
0,11,-1,
0,13,-2,
0,7,1,
2,8,-9,
-2,7,-7,
-1,11,-6,
0,13,-10,
-2,15,-8,
0,16,-10,
0,16,-20,
-3,17,-28,
-6,9,-23,
-3,11,-23,
-5,12,-12,
0,5,-4,
4,11,-6,
1,10,-23,
2,7,-11,
3,7,-13,
-2,7,-21,
0,10,-18,
3,11,-16,
0,14,-12,
-2,17,0,
3,17,-5,
-2,15,-11,
-2,17,-17,
0,13,-17,
1,15,-9,
0,11,-8,
-2,10,-8,
-2,9,-4,
-5,15,-11,
-1,12,-6,
-2,7,-8,
-3,12,-14,
0,15,-9,
0,12,-3,
2,14,-3,
-1,9,-3,
0,6,-4,
