-1,1,-6,
2,-3,-12,
1,3,-7,
3,2,-2,
2,3,-3,
0,5,-11,
-4,1,-11,
0,6,-14,
-3,-3,-11,
3,6,-14,
2,-1,-5,
2,0,-8,
6,3,-5,
0,1,-6,
2,-3,-12,
1,3,-7,
3,2,-2,
2,3,-3,
0,5,-11,
-4,1,-11,
0,6,-14,
-3,-3,-11,
3,6,-14,
2,-1,-5,
2,0,-8,
6,3,-5,
0,1,-6,
2,-3,-12,
1,3,-7,
3,2,-2,
2,3,-3,
0,5,-11,
-4,1,-11,
0,6,-14,


Standalone 3D Position Sensor
version: 0.3-alpha
Licensed under the GNU General Public License v2.0


[S3DPS]: booting...
Connecting to MPU-6050...
Initializing Digital Motion Processing Engine...
Checking hardware revision...
Revision @ user[16][6] = A5
Resetting memory bank selection to 0...
Setting custom offsets...
Calibrating Accelerometer and Gyroscope...
>............>............Enabling DMP Engine...
Attaching Interrupt Service Routine...
DMP Engine is ready.
'WIFI_MQTT_ENABLED': false
S3DPS: boot() -> success.
FIFO overflow! Resetting...
26,-9,-23,
25,-12,-16,
23,-6,-26,
24,-1,-20,
19,-4,-22,
18,-9,-13,
18,-8,-11,
17,-9,-19,
17,-6,-9,
17,-9,-18,
14,-9,-23,
19,-10,-19,
21,-12,-23,
21,-3,-33,
21,-6,-37,
16,-12,-30,
18,-17,-33,
22,-15,-19,
16,-14,-16,
21,-13,-19,
24,-14,-22,
20,-12,-18,
13,-10,-22,
14,-7,-33,
18,-12,-34,
20,-14,-27,
22,-12,-26,
18,-12,-14,
17,-7,-11,
11,-2,-18,
14,-3,-11,
14,-7,-9,
21,-15,-12,
20,-16,-16,
12,-12,-7,
14,-10,-7,
16,-13,-7,
24,-11,-14,
13,-6,-17,
18,-8,-12,
11,-3,-18,
13,-7,-24,
14,-7,-17,
17,-12,-7,
20,-11,-15,
18,-12,-14,
19,-15,-25,
19,-15,-32,
15,-7,-17,
19,-3,-27,
22,-4,-23,
19,-6,-28,
17,-6,-26,
18,-10,-27,
16,-7,-28,
20,-5,-28,
17,-8,-30,
17,-12,-29,
17,-7,-18,
18,-9,-23,
18,-6,-30,
17,-7,-32,
19,-6,-27,
19,-6,-22,
22,-3,-16,
22,-3,-6,
17,-8,-2,
19,-7,-16,
19,-5,-17,
19,-11,-18,
16,-9,-12,
25,-8,-3,
26,-7,-14,
21,-5,-25,
20,-1,-32,
16,-6,-26,
15,-2,-18,
14,-9,-11,
13,-3,-14,
14,-8,-21,
12,-16,-17,
19,-16,-22,
15,-10,-31,
21,-9,-29,
22,-6,-26,
16,-7,-23,
16,-6,-19,
24,-9,-17,
22,-8,-14,
15,-6,-12,
15,-6,-23,
15,-11,-22,
16,-10,-25,
18,-13,-25,
17,-10,-29,
18,-12,-12,
21,-8,-6,
17,-8,-11,
17,-15,-10,
19,-9,-20,
15,-15,-21,
21,-13,-18,
14,-15,-18,
14,-13,-18,
19,-11,-28,
16,-18,-21,
12,-19,-16,
8,-18,-23,
21,-10,-14,
15,-7,-15,
18,-4,-11,
24,-11,-12,
27,-16,-10,
27,-18,-13,
20,-21,-24,
21,-18,-22,
26,-14,-22,
22,-16,-17,
12,-11,-18,
23,-16,-17,
22,-14,-21,
19,-7,-17,
21,-9,-19,
18,-1,-20,
8,-3,-23,
16,-3,-28,
16,-2,-33,
12,-2,-34,
17,-5,-30,
18,-8,-26,
12,-17,-16,
19,-8,-24,
18,-8,-30,
18,-8,-28,
20,-3,-35,
25,-8,-40,
25,0,-27,
20,-2,-19,
19,-4,-18,
14,-1,-29,
14,-7,-26,
15,-3,-20,
17,-7,-21,
15,-8,-22,
16,-8,-16,
16,-15,-15,
22,-9,-18,
17,-2,-17,
18,-2,-22,
11,-3,-17,
17,-3,-22,
15,-2,-26,
20,-2,-24,
17,0,-16,
23,-3,-20,
19,-6,-16,
21,-6,-23,
20,-5,-29,
15,-4,-19,
8,0,-27,
13,-7,-32,
17,-3,-36,
21,-2,-24,
19,-8,-18,
14,-6,-27,
11,-6,-24,
8,-9,-23,
17,-2,-26,
17,-3,-30,
17,-6,-31,
17,-6,-31,
17,-5,-25,
19,-8,-18,
19,-9,-14,
19,-9,-14,
16,-9,-17,
20,-7,-17,
12,-9,-22,
18,-11,-21,
22,-10,-9,
20,-13,-19,
16,-8,-14,
14,-6,-22,
10,-11,-23,
15,-6,-23,
16,-9,-28,
16,-7,-31,
16,-10,-28,
16,-14,-18,
17,-9,-23,
23,-8,-17,
19,-9,-17,
18,-9,-17,
15,-6,-27,
17,-9,-16,
16,-6,-16,
25,-11,-24,
28,-6,-30,
23,-9,-22,
17,-11,-23,
16,-7,-22,
15,-6,-13,
17,0,-24,
13,-8,-16,
13,-10,-19,
14,-14,-27,
14,-15,-23,
16,-13,-21,
13,-14,-23,
18,-14,-20,
21,-19,-16,
20,-17,-14,
17,-16,-22,
14,-12,-17,
12,-2,-23,
7,-2,-23,
19,-5,-13,
24,-8,-6,
25,-8,-18,
18,-4,-20,
15,-6,-22,
15,-11,-15,
17,-7,-20,
16,-12,-13,
19,-6,-19,
